   1     "th-hh+eh"   14   54.274017  58.063160 192.637054
   2         "t+aa"   43  221.609680 289.459198  70.619209
   3            "a"   33  238.597839 169.402267 214.735657
   4            "b"   39  191.009796  77.498207  97.562202
   5            "d"   39  147.371231  76.686676 377.905975
   6            "e"   24  120.186928  55.623531 121.050865
   7            "f"   10   23.224493  28.136684  98.251648
   8            "g"   16  116.236244  63.301296  64.881363
   9            "i"   18  115.424294  76.855255 155.618774
  10            "j"    6   23.054235  22.820929  32.974747
  11            "k"   60  239.759628 145.027496 191.680817
  12            "l"   39  529.109619 387.155670 107.475983
  13            "m"   38   81.939972 215.091232 215.024384
  14            "n"   61  404.891785 294.614624 617.115906
  15            "p"   33  112.580772  70.052017  85.673332
  16            "r"   54  184.022705 137.322311 131.826157
  17            "s"   40  151.292007 266.977966 197.009125
  18            "t"   23  221.609680 289.459198 375.060181
  19            "u"   15  113.533684  36.912800 134.472717
  20            "v"   13   32.345707  32.692654 181.262283
  21            "w"   12   97.634590  41.330872  56.928890
  22            "y"   21   85.322601  70.130020  77.312096
  23            "z"   13   75.517723 110.652336 150.725494
  24       "f-uw+b"   22   61.832371  98.447304  65.291351
  25      "f-ey+aa"   33  301.075378 102.505219 115.598709
  26      "d-jh+aa"    4   16.009281  33.025551  48.216106
  27      "er-ae+b"   25  123.687157 181.029755  90.063858
  28      "ch-ih+b"   33  175.064270 126.450317 100.014481
  29      "oy-iy+f"   20   81.716148  93.959869  98.005745
  30      "y-er+aa"   34  329.621155 269.376770 447.324677
  31      "m-aw+ah"   10  109.584244  59.202785  42.278252
  32         "t-aa"   21   91.152550 151.043854  99.824631
  33         "t-ah"  100  219.430634 252.607651 273.418915
  34         "t-ao"    9   26.000319  46.877522  87.973129
  35         "t-ay"   12   83.442879  47.093208  33.709476
  36         "t-ch"    5   50.209820  14.800240  43.670853
  37         "t-eh"   35  185.941315 114.360352 165.651169
  38         "t-ow"    9  147.695618 131.538040 125.624184
  39         "t-oy"    4  103.437019  10.005601   3.999915
  40         "t-sh"   13  151.596024  40.540493  32.611683
  41         "t-th"    6   18.581076  62.771542 199.499741
  42           "dh"    8   35.398590  36.261860  38.743332
  43           "ng"    6   31.562866  87.131592  47.671627
  44           "sp"  202  1659.283813
  45           "uh"    6   39.691128  20.144527  22.264528
  46           "zh"    9   88.274887  70.699142  79.017250
  47         "aw-l"   49  529.109619 387.155670 545.551941
  48      "aa-n+aa"    5  404.891785 294.614624 124.926971
  49          "sil"  118  1926.130371 1659.283813 437.422119
